fx
2	10	20	30	40	50	60	70	80	90	100	
n
0.250000	1860.999714	38759.733185	215879.345328	3554738.258615	54989882.691921	160000467.882538	20944436.867983	38722895.378013	54279616.153611	55258311.425433	
0.250000	792.360145	-305.303184	-24732.128574	265671.410828	-27519682.920340	-134081441.210379	-7718566.465169	-2451274.267592	-34520825.984025	-32701834.621779	
0.250000	2929.639282	77824.769554	456490.819230	6843805.106403	137499448.304181	454082376.975454	49607440.201136	79897065.023619	143080058.291248	143218457.472645	
Norms
0.00000000000000003	0.00000000000000036	0.00000000000000074	0.00000000000000122	0.00000000000000159	0.00000000000000185	0.00000000000000241	0.00000000000000262	0.00000000000000313	0.00000000000000360	0.00000000000000365	
0.00000000000000000	0.00000000000000029	0.00000000000000057	0.00000000000000093	0.00000000000000143	0.00000000000000159	0.00000000000000218	0.00000000000000227	0.00000000000000284	0.00000000000000319	0.00000000000000325	
0.00000000000000006	0.00000000000000042	0.00000000000000092	0.00000000000000152	0.00000000000000174	0.00000000000000212	0.00000000000000264	0.00000000000000297	0.00000000000000342	0.00000000000000400	0.00000000000000406	
Time(sec)
0.000725	0.017657	0.065103	0.151572	0.278599	0.460756	0.596422	0.985686	1.231777	1.366465	1.862695	
-0.000184	0.016077	0.063364	0.145100	0.251428	0.430407	0.582453	0.836329	1.087009	1.351612	1.788685	
0.001634	0.019238	0.066842	0.158044	0.305770	0.491104	0.610391	1.135043	1.376544	1.381318	1.936704	
